Eye contact at: 
60.000
60.345
60.690
61.034
61.379
61.724
62.069
62.414
62.759
63.103
63.448
63.793
64.138
64.483
64.828
65.172
65.517
65.862
66.207
66.552
66.897
67.241
67.586
67.931
68.276
68.621
68.966
69.310
69.655
70.000
70.345
70.690
71.034
71.379
71.724
72.069
72.414
72.759
73.103
73.448
73.793
74.138
74.483
74.828
75.172
75.517
75.862
76.207
76.552
76.897
77.241
77.586
77.931
78.276
78.621
78.966
79.310
79.655
80.000
80.345
80.690
81.034
81.379
81.724
82.069
82.414
82.759
83.103
83.448
83.793
84.138
84.483
84.828
85.172
85.517
85.862
86.207
86.552
86.897
87.241
87.586
87.931
88.276
88.621
88.966
89.310
89.655
90.000
90.345
90.690
91.034
91.379
91.724
92.069
92.414
92.759
93.103
93.448
93.793
94.138
94.483
94.828
95.172
95.517
95.862
96.207
96.552
96.897
97.241
97.586
97.931
98.276
98.621
98.966
99.310
99.655
100.000
100.345
100.690
101.034
101.379
101.724
102.069
102.414
102.759
103.103
103.448
103.793
104.138
104.483
104.828
105.172
105.517
105.862
106.207
106.552
106.897
107.241
107.586
107.931
108.276
108.621
108.966
109.310
109.655
110.000
110.345
110.690
111.034
111.379
111.724
112.069
112.414
112.759
113.103
113.448
113.793
114.138
114.483
114.828
115.172
115.517
115.862
116.207
116.552
116.897
117.241
117.586
117.931
118.276
118.621
118.966
119.310
119.655
120.000
120.345
120.690
121.034
121.379
121.724
122.069
122.414
122.759
123.103
123.448
123.793
124.138
124.483
124.828
125.172
125.517
125.862
126.207
126.552
126.897
127.241
127.586
127.931
128.276
128.621
128.966
129.310
129.655
130.000
130.345
130.690
131.034
131.379
131.724
132.069
132.414
132.759
133.103
133.448
133.793
134.138
134.483
134.828
135.172
135.517
135.862
136.207
136.552
136.897
137.241
137.586
137.931
138.276
138.621
138.966
139.310
139.655
140.000
140.345
140.690
141.034
141.379
141.724
142.069
142.414
142.759
143.103
143.448
143.793
144.138
144.483
144.828
145.172
145.517
145.862
146.207
146.552
146.897
147.241
147.586
147.931
148.276
148.621
148.966
149.310
149.655
150.000
150.345
150.690
151.034
151.379
151.724
152.069
152.414
152.759
153.103
153.448
153.793
154.138
154.483
154.828
155.172
155.517
155.862
156.207
156.552
156.897
157.241
157.586
157.931
158.276
158.621
158.966
159.310
159.655
160.000
160.345
160.690
161.034
161.379
161.724
162.069
162.414
162.759
163.103
163.448
163.793
164.138
164.483
164.828
165.172
165.517
165.862
166.207
166.552
166.897
167.241
167.586
167.931
168.276
168.621
168.966
169.310
169.655
170.000
170.345
170.690
171.034
171.379
171.724
172.069
172.414
172.759
173.103
173.448
173.793
174.138
174.483
174.828
175.172
175.517
175.862
176.207
176.552
176.897
177.241
177.586
177.931
178.276
178.621
178.966
179.310
179.655
180.000
180.345
180.690
181.034
181.379
181.724
182.069
182.414
182.759
183.103
183.448
183.793
184.138
184.483
184.828
185.172
185.517
185.862
186.207
186.552
186.897
187.241
187.586
187.931
188.276
188.621
188.966
189.310
189.655
190.000
190.345
190.690
191.034
191.379
191.724
192.069
192.414
192.759
193.103
193.448
193.793
194.138
194.483
194.828
195.172
195.517
195.862
196.207
196.552
196.897
197.241
197.586
197.931
198.276
198.621
198.966
199.310
199.655
200.000
200.345
200.690
201.034
201.379
201.724
202.069
202.414
202.759
203.103
203.448
203.793
204.138
204.483
204.828
205.172
205.517
205.862
206.207
206.552
206.897
207.241
207.586
207.931
208.276
208.621
208.966
209.310
209.655
210.000
210.345
210.690
211.034
211.379
211.724
212.069
212.414
212.759
213.103
213.448
213.793
214.138
214.483
214.828
215.172
215.517
215.862
216.207
216.552
216.897
217.241
217.586
217.931
218.276
218.621
218.966
219.310
219.655
220.000
220.345
220.690
221.034
221.379
221.724
222.069
222.414
222.759
223.103
223.448
223.793
224.138
224.483
224.828
225.172
225.517
225.862
226.207
226.552
226.897
227.241
227.586
227.931
228.276
228.621
228.966
229.310
229.655
230.000
230.345
230.690
231.034
231.379
231.724
232.069
232.414
232.759
233.103
233.448
233.793
234.138
234.483
234.828
235.172
235.517
235.862
236.207
236.552
236.897
237.241
237.586
237.931
238.276
238.621
238.966
239.310
239.655
